386649624407243834109722471386965993093375164273
245937022136285775132037440677234184441023889559
1142984148157050098137143393423269808223028831743
910155947463588039073266008785982146942358043794
1415574971393931509260391393276580387207886211
217524568050053335971448132626683769632823172170
475082625294239008940404427020669829491476619965
1183306378419102968363877814540966127789296125812
716560604865830787048737308610828791589394078223
563845662810177532212043856869466286320825569840
420645092327494350155944305678551626034983115940
585146554884703202220921841620768379275230236234
681846145652893208500987711292220765224182072198
1196834795592071947775557331725604086848602760710
1168342651365526365663426486175389859961942044968
132428995283103133633075265143810082133203900924
566859612926445995177642943519331473000926931290
47583184161876166993342083387027107145569563741
888945320247254183759620598773612421226582981424
1190764529756227492052965523409731336178037005573
1055206517342047565784498103259444263232362846207
363287180517733069477499105597705965655944706319
382440019969413226277784528123973123339017176804
272948786424044097471405207423907947887265606594
39147634294057339564580404438043293514002976443
1144744500197972842391930727179450607795310502421
356260460139665202151178222663229309918869957724
688886450726534615695096397540752823686574475393
65205226520341416476438632771683033813414248570
943812396184300261694181954690338825123932525766
1181748278118280192600026839764879271520514686591
383852914505600534966565367360180501939742429975
506628848164034622538967741204052799902596576161
859296728728722781079622763253704422890513989451
732018357299644835367537639692948792667664856778
791148886783178355713861800254228244133896790403
1007706655550651081067464439636012667104847619174
77440428110013435167432570684646751542018904016
1243057061310884370287769983722681392923044485050
231526169324382026600461169301548744434293503523
843526903296732266904736654819557351505511643257
749629658249481720102510199529343341285287897320
1141075415563041239670827814882459822867632857020
1007504223368604103973785821443765044975775347296
222385559199601315190543797661541601499349927508
146359191835189319259111169290994894282130232158
1066553742869770137047260521443824059196175464751
1205335317637930626605206694636706524126608138800
1058048988350263314693602324445221551170331167858
1222329588409497393405233296756557608202640916149
1266580313132794916581425378673352970582523420422
102465895610060100623520707413417941005796674754
141978545940804404584245954092560220393827999231
1390522457738254313200573070285901659994594529243
2636121421154808883434150227090930909924162715
None None
